PARAMETERS
Sim Len: 2555
os: 4
offset: 0
latency: 3
filter	Nbauds: 6
filter	taps: [-1, 0, 2, 2, 0, -8, -16, -16, -1, 33, 76, 113, 127, 113, 76, 33, 0, -16, -16, -8, -1, 2, 2, 0]
fixed	NB: 8
fixed	NBF: 7
fixed	signedMode: S
fixed	roundMode: trunc
fixed	saturateMode: saturate
RESULTS
BITS TX I: [1, 0, 1, 0, 1, 0, 1, 1, 0, 0, 0, 0, 1, 1, 0, 1, 1, 1, 1, 0, 1, 0, 0, 1, 1, 0, 1, 1, 1, 0, 0, 1, 0, 0, 0, 1, 0, 1, 0, 0, 0, 0, 1, 0, 1, 0, 1, 1, 0, 1, 0, 0, 1, 1, 1, 1, 1, 1, 0, 1, 1, 0, 0, 1, 0, 0, 1, 0, 0, 1, 0, 1, 1, 0, 1, 1, 1, 1, 1, 1, 0, 0, 1, 0, 0, 1, 1, 0, 1, 0, 1, 0, 0, 1, 1, 0, 0, 1, 1, 0]
Filter Output I: [126, 124, 120, 120, 124, 127, 127, 127, 127, 58, -32, -106, -128, -86, 4, 90, 127, 90, 0, -90, -128, -90, 0, 90, 127, 90, 0, -90, -126, -90, -4, 86, 126, 106, 36, -54, -126, -128, -128, -128, -128, -70, 4, 74, 126, 127, 127, 127, 127, 120, 116, 120, 126, 127, 127, 127, 126, 74, 4, -70, -126, -128, -128, -128, -128, -54, 32, 102, 127, 102, 28, -58, -124, -128, -128, -128, -128, -120, -116, -120, -124, -128, -128, -128, -128, -58, 32, 106, 127, 86, 0, -86, -126, -106, -36, 54, 126, 127, 127, 127]
ber	BER I: 0.0
ber	errores: 0.0
